195
112
2
456
64
471
487
303
30
329
395
429
306
118
269
281
330
203
285
411
494
7
190
212
90
488
143
6
92
5
187
34
13
224
169
491
88
321
192
194
220
99
423
446
294
47
134
496
364
257
304
106
254
130
273
265
308
20
443
207
422
63
276
67
55
77
217
235
415
249
467
238
200
486
270
277
458
150
359
164
237
271
302
288
432
142
14
357
234
392
180
248
29
101
100
157
45
54
74
15
46
384
16
205
113
103
383
144
375
351
57
218
161
362
97
229
368
499
42
233
419
309
363
179
181
292
319
213
344
51
76
251
403
119
433
413
266
253
72
426
297
441
231
332
49
405
240
275
222
110
163
149
59
451
136
388
498
313
199
428
131
1
335
245
452
347
98
241
290
159
459
340
182
160
138
50
204
469
31
252
84
373
439
18
120
177
278
314
255
232
396
339
17
108
472
401
151
132
450
189
358
94
331
210
166
66
198
107
416
434
48
89
227
79
404
137
109
361
327
283
460
476
352
390
345
447
87
353
481
343
165
406
244
449
80
367
480
209
262
438
259
448
25
23
105
371
95
3
301
12
307
147
323
41
126
256
408
420
196
214
148
10
53
346
239
296
145
4
185
350
122
322
500
468
102
397
133
493
399
186
430
78
247
175
398
431
141
9
295
117
381
372
393
171
73
440
497
370
287
123
61
282
82
475
457
44
153
470
379
139
111
211
461
355
454
170
221
24
445
326
65
261
341
427
104
336
280
349
267
167
455
243
421
483
176
360
168
219
380
230
386
236
173
116
83
369
376
43
284
385
11
124
86
140
39
463
152
318
260
286
272
333
52
289
28
316
378
93
128
495
338
274
473
354
127
71
162
40
387
478
70
348
242
35
484
485
208
8
492
75
37
425
174
325
178
183
250
320
125
342
366
407
410
409
437
197
201
216
26
135
22
114
68
474
184
228
264
465
414
337
85
374
155
225
258
389
466
129
299
27
62
298
202
156
172
324
19
444
191
442
36
377
464
391
382
146
69
418
305
489
246
58
121
193
32
60
33
365
356
490
334
91
56
477
317
158
215
435
315
268
312
328
453
482
263
462
206
412
154
436
300
223
402
188
291
400
417
310
81
115
21
479
293
96
311
38
394
279
424
226